2.8
7.6
17.4
14.4
19.6
6.6
1.6
3.5
8.6
15.8
6.2
9.1
8.5
10.7
15.0
11.8
2.8
9.4
16.6
5.4
17.9
1.9
3.5
12.1
4.2
5.2
2.5
17.6
2.3
13.5
15.3
4.2
11.2
5.1
9.2
3.4
12.2
4.3
19.3
18.2
9.1
7.3
4.6
19.2
7.5
6.7
11.8
3.2
16.8
13.1
5.6
2.1
15.8
4.6
16.4
18.9
6.5
11.0
19.2
9.7
17.9
1.8
16.5
14.3
5.3
4.3
18.9
2.4
4.8
2.9
10.7
12.3
7.8
11.0
19.1
10.5
6.9
8.0
10.4
7.0
19.2
5.6
13.4
9.8
7.3
16.6
18.5
2.2
16.0
14.0
12.7
8.9
12.8
13.2
17.6
17.4
10.0
6.6
5.3
14.1
17.8
19.6
11.5
14.8
19.6
15.0
16.1
16.0
5.2
14.1
7.6
6.1
13.9
6.5
8.1
19.2
19.0
18.1
10.7
17.6
1.6
5.4
8.4
15.6
16.8
1.7
4.4
3.5
13.7
2.3
7.6
5.5
9.1
8.2
13.0
10.0
18.1
7.2
13.1
4.4
3.9
19.3
11.1
15.5
11.8
7.1
15.0
15.5
12.5
14.4
2.6
6.9
11.9
9.8
18.5
12.0
16.6
10.8
13.2
5.7
11.5
19.3
9.3
13.9
2.4
10.3
13.9
18.8
12.5
2.7
6.3
14.5
6.2
19.1
13.2
16.0
11.4
12.7
4.0
18.3
19.5
14.8
19.3
12.4
2.7
6.5
10.3
11.7
13.0
14.8
6.0
5.8
3.1
18.3
8.0
3.0
18.4
8.1
13.4
17.3
14.0
17.6
4.2
11.8
16.5
18.6
17.1
7.6
12.8
14.8
14.7
16.4
7.3
3.9
11.2
15.4
15.9
17.5
13.5
14.2
7.3
8.5
9.7
10.2
12.1
1.8
18.8
15.4
19.4
9.2
18.8
14.6
8.4
9.7
11.2
2.0
5.2
16.1
10.1
4.2
15.3
4.8
6.2
3.7
6.3
5.2
19.7
16.3
12.7
7.5
18.4
15.9
12.3
5.2
4.0
6.4
10.4
16.4
17.5
12.9
6.7
9.7
2.5
19.2
11.8
2.3
4.4
1.6
8.8
12.8
2.4
4.5
7.7
6.1
19.3
4.1
11.9
3.8
7.1
19.9
14.9
16.0
13.3
10.6
2.2
19.3
19.9
17.2
19.4
6.0
12.5
15.1
13.8
12.9
3.0
8.4
8.6
2.3
3.2
2.7
8.9
10.5
12.2
3.2
16.8
12.7
6.7
4.1
6.8
7.2
19.2
14.7
7.0
9.4
2.8
8.7
10.7
12.2
4.8
14.9
16.8
5.9
3.1
9.1
10.7
6.3
9.7
12.5
9.7
3.0
18.6
10.6
5.4
12.4
15.1
18.4
17.3
11.7
4.8
13.3
4.6
2.5
14.6
16.4
2.3
19.1
5.8
2.3
13.7
17.4
13.0
4.4
3.4
15.7
4.6
5.5
4.8
17.2
8.5
19.7
14.7
17.8
15.5
4.7
7.9
8.4
5.2
6.1
2.9
13.2
14.5
19.9
3.1
10.4
11.1
5.2
11.9
13.4
6.4
8.3
7.5
16.6
4.1
5.2
2.8
1.7
14.1
10.2
1.7
6.2
8.1
6.6
17.9
19.9
8.5
12.3
16.6
12.0
10.7
5.7
5.5
13.3
6.4
19.0
1.6
2.6
7.5
4.8
13.3
4.4
2.8
1.8
9.1
11.2
15.1
4.2
19.4
4.6
2.0
6.2
9.5
18.7
11.1
15.2
16.2
12.1
11.3
12.0
10.7
4.2
17.7
18.5
2.1
2.2
5.4
16.9
14.7
14.8
8.7
1.8
12.4
2.4
8.0
16.7
12.0
7.8
3.8
15.2
3.9
12.7
13.3
11.0
6.9
3.5
4.8
3.1
17.1
4.9
17.5
4.2
15.0
10.3
12.0
1.7
18.1
13.4
14.4
5.0
13.3
5.6
5.5
8.4
11.9
11.0
16.6
4.2
14.5
10.1
15.2
15.2
16.2
11.4
7.6
2.3
6.4
1.7
11.8
2.2
9.4
7.4
9.5
17.9
8.1
8.9
7.7
4.0
19.9
18.3
2.3
11.4
15.6
19.1
4.4
19.1
8.4
16.9
18.7
2.6
14.2
13.4
3.9
10.7
16.2
14.6
10.6
7.5
19.7
15.3
18.0
14.5
4.7
19.6
2.4
3.4
19.5
4.5
6.0
9.6
14.0
8.6
8.1
10.1
6.1
9.9
14.6
7.1
2.2
9.1
4.7
17.6
8.4
8.1
19.3
16.7
3.3
18.5
14.0
14.7
7.2
15.4
7.4
14.8
4.5
12.8
7.2
17.6
15.1
10.3
7.9
13.3
5.0
5.7
9.1
19.2
17.6
14.7
8.7
14.0
10.5
2.5
9.3
13.0
17.5
7.3
8.4
9.7
2.4
16.6
13.5
17.2
17.1
8.0
4.2
6.5
5.8
2.0
7.2
10.8
4.7
2.8
13.3
15.4
8.9
5.5
9.6
5.5
9.1
1.8
5.2
3.6
18.9
10.3
5.6
6.8
11.3
18.9
17.5
11.4
10.2
12.2
13.7
6.1
15.6
10.3
11.8
2.9
6.9
5.4
11.1
17.6
15.7
14.2
10.3
15.6
9.1
3.0
18.8
18.4
17.5
4.0
9.2
4.5
6.8
13.8
19.1
4.4
9.0
9.9
6.0
15.0
15.3
18.2
15.5
13.6
11.2
6.4
12.5
10.6
6.7
18.6
4.5
11.1
6.2
17.2
15.1
6.2
14.0
4.6
11.7
8.8
6.6
3.5
14.5
19.7
4.7
14.6
2.9
1.9
9.0
17.9
6.9
5.9
18.0
2.6
17.4
17.3
18.3
6.1
14.3
19.0
6.5
6.2
17.6
18.1
4.3
17.8
8.9
8.3
19.8
16.1
13.8
7.3
5.4
12.9
5.3
9.9
6.5
16.4
15.6
11.3
13.2
2.8
9.4
5.3
14.0
15.7
15.4
12.9
3.9
3.0
11.9
12.4
19.3
14.7
10.5
14.4
16.7
10.5
9.3
2.8
9.3
17.7
12.9
19.0
8.3
11.7
1.9
2.4
7.6
12.6
15.8
2.0
12.9
1.6
17.9
12.9
2.9
5.1
2.6
15.7
4.7
16.1
13.8
2.1
8.3
18.4
9.5
13.4
1.8
7.4
14.8
8.3
2.3
3.0
5.6
11.6
8.9
11.6
4.7
10.5
18.4
11.7
13.5
11.2
19.8
19.7
8.4
12.0
19.7
11.9
11.3
6.0
2.5
16.8
4.1
11.8
11.1
2.5
9.3
19.1
14.2
15.8
7.3
7.1
19.0
8.1
9.7
7.3
12.3
19.8
10.7
10.0
19.2
4.9
16.1
12.8
1.6
6.1
16.2
9.9
14.6
12.9
17.1
2.7
15.1
16.4
18.5
13.0
6.8
14.6
3.1
16.7
17.4
15.5
11.6
5.0
17.1
6.6
12.7
15.0
14.1
3.1
9.8
5.0
10.7
3.3
3.8
16.7
2.4
12.0
6.7
12.0
12.8
13.5
9.8
16.8
13.3
13.0
12.5
7.3
7.9
6.0
11.3
15.9
7.2
17.6
6.5
11.4
19.2
14.1
7.9
14.2
17.3
9.5
17.8
7.0
7.2
8.4
13.7
6.7
11.3
17.8
9.0
5.4
16.3
3.1
15.7
4.5
12.4
3.9
9.8
6.1
5.0
8.2
2.3
18.7
17.3
3.6
17.3
12.3
8.7
3.8
14.0
19.0
11.5
17.3
11.7
10.8
18.6
16.6
2.2
18.4
11.8
3.9
4.7
14.7
13.8
15.4
9.8
2.8
11.9
7.6
17.0
13.4
6.8
11.1
3.3
8.5
2.9
7.1
8.3
15.3
7.4
17.9
5.2
7.0
17.3
5.6
12.8
14.4
19.3
4.5
18.9
19.2
6.4
11.5
12.3
9.3
15.7
9.4
4.1
15.5
16.5
3.1
19.7
16.8
6.3
16.2
18.9
10.9
5.8
12.2
8.3
3.3
6.4
19.0
3.0
18.4
19.9
5.4
8.2
19.0
5.3
16.3
11.4
2.6
6.8
17.0
12.5
4.8
15.6
14.9
1.8
2.0
17.2
15.0
13.9
9.0
3.9
13.7
16.3
7.1
4.9
13.0
12.5
4.7
8.7
8.2
14.9
4.7
1.6
5.2
18.3
18.4
9.5
17.1
3.3
9.2
13.4
12.3
18.4
17.0
14.0
12.4
11.4
4.9
12.0
12.2
6.5
10.6
4.9
16.0
19.4
19.4
18.6
18.6
2.2
5.1
6.1
4.4
19.2
16.4
18.4
3.3
17.9
4.1
15.9
19.4
2.7
10.3
9.5
8.1
15.1
8.8
7.9
1.9
16.1
19.1
16.8
18.9
8.6
15.6
2.3
19.8
2.0
17.6
4.7
18.3
19.3
9.7
18.3
13.8
8.6
6.6
9.0
12.3
8.9
4.9
6.3
18.5
10.5
15.3
10.1
13.3
17.4
16.7
11.6
6.4
16.0
13.7
4.1
18.5
16.0
19.8
6.7
12.4
13.3
10.4
1.9
17.4
19.0
13.5
3.1
9.3
11.3
5.9
6.1
1.9
15.4
13.0
7.3
14.2
4.1
12.0
13.5
13.2
19.8
18.4
5.7
10.0
6.4
17.9
19.2
6.2
11.6
8.4
12.0
13.7
12.0
4.1
4.5
12.1
13.9
17.8
4.8
9.0
7.6
16.0
14.0
2.0
18.0
9.5
11.0
3.5
5.7
7.5
11.4
11.2
8.8
18.5
14.8
11.8
20.0
19.3
4.3
19.6
2.2
8.6
8.1
18.6
17.2
14.5
2.7
19.3
4.2
6.0
10.0
1.7
5.7
11.8
18.7
8.5
6.2
13.6
11.0
11.4
18.9
6.6
19.8
13.3
8.6
15.5
14.7
10.4
6.4
10.5
11.2
9.0
6.2
17.4
17.1
4.6
8.5
14.8
3.6
12.7
12.0
8.4
1.9
5.1
12.7
17.5
12.4
14.9
6.2
14.6
6.0
7.7
2.2
8.1
12.7
5.0
15.2
1.8
4.2
2.0
2.5
19.3
18.7
10.1
15.2
10.6
17.4
15.1
13.8
10.9
6.3
19.3
9.4
5.5
8.4
12.1
5.4
10.1
14.3
19.6
15.4
4.9
13.2
15.1
9.7
4.8
16.2
15.5
4.0
7.6
13.4
17.3
19.5
7.3
9.1
12.6
9.0
14.5
10.3
4.9
14.3
7.3
11.0
9.4
13.6
18.1
4.5
8.9
8.4
3.5
18.7
1.8
4.6
1.6
17.8
19.0
17.7
10.5
9.5
18.0
8.0
2.5
8.6
10.8
11.0
13.3
15.3
18.6
1.8
2.2
12.7
15.0
18.4
15.3
5.5
7.1
2.7
10.2
6.6
19.9
10.9
6.3
13.3
18.3
11.4
7.9
3.6
1.6
6.9
4.2
14.5
8.0
9.4
6.1
11.5
6.0
15.2
7.6
9.0
4.0
17.6
18.4
15.1
17.6
13.0
12.8
12.4
11.1
9.6
6.8
13.3
1.8
18.5
4.3
6.4
8.2
15.1
9.8
15.1
3.1
11.5
5.9
15.9
18.1
12.3
1.1
13.1
18.7
19.3
17.7
14.5
12.6
6.0
11.0
4.3
6.4
14.1
18.7
1.8
5.6
5.3
9.2
13.8
13.7
4.0
6.8
8.2
16.3
12.9
14.7
8.0
15.7
11.4
2.8
19.3
7.0
16.7
10.6
8.9
9.1
11.8
15.8
15.1
7.4
5.6
12.6
13.6
9.3
15.7
16.7
