2017105715 25 0 10
2015103957 65 50 0
2018102164 65 30 30
2018102167 100 0 0
2018102168 75 0 100
2014103325 45 0 0
2018102716 100 100 100
2015103999 90 0 100
2014100881 100 100 100
2014101181 65 0 0
2014103939 45 0 50
2011103855 65 0 100
2018102190 70 100 10
2017103849 45 0 30
2013103921 85 0 0
2014102700 20 100 50
2016110555 25 100 50
2014104107 100 100 100
2014103975 55 100 100
2015103198 35 0 50
2018102207 45 0 10
2012103000 45 0 50
2016110560 100 100 50
2016110561 70 100 50
2014104001 100 0 50
2014104002 75 0 60
2018102213 75 100 0
2016100347 45 0 30
2018102218 65 50 30
2013100739 65 0 50
2018102225 100 50 50
2018102231 65 0 0
2018102232 0 0 0
2018102239 100 100 50
2018102240 70 0 0
2018102246 100 90 100
2016110568 45 0 50
2017100572 45 0 50
2016100440 40 100 50
2015104141 65 0 90 
